1049120
6208
337489
503980
14464
1734
1059579
364615
3239
827605
268455
426
266845
1049756
1017348
366970
19489
3347
1048810
1020308
883079
841831
3609
883073
828
1045847
1042660
66
4461
360439
5309
9227
248431
217248
987581
8680
4494
1022222
1725
230238
7212
753612
15211
8446
14176
7501
5467
191042
12778
2982
961052
1015523
3255
1014450
210942
1014388
378176
946
955747
2494
2112
318473
762
989155
310124
193853
6018
18413
232017
520
196388
8749
11304
3506
318849
274
998587
209951
791687
823447
977233
872568
296
243300
4368
938363
7589
222144
2242
1102
995449
9412
211584
106
997118
499783
139
980410
9581
548596
5868
9139
991976
315267
194372
243906
990543
115
415872
253764
409857
970229
389808
408268
403517
2689
4327
8131
20264
211845
211511
3895
6546
12144
17571
216
982306
11510
198
393842
15997
196950
5179
25
3823
902869
238564
15732
423406
437074
473065
21093
533
195864
13659
3827
390517
249927
240247
287750
210628
577
611
1186
431880
248111
271142
10990
473136
256931
323746
268290
658912
19858
1189
20384
871232
912361
878955
887015
414417
191731
898016
193
15248
342703
347050
4895
5062
1303
375053
294361
4632
898740
898676
410781
199989
849
1628
375245
244349
237321
241316
15549
350911
884042
878788
1237
476775
880094
862100
14209
879591
9933
399150
874547
874542
353091
870483
11528
18545
862185
18506
342667
193861
444696
771
263373
342737
302
320028
858311
490980
593034
11517
235437
269091
7732
1114
12938
426045
1575
626
3036
6023
367850
6741
5283
246078
12335
227088
5457
8899
857040
4484
831789
341085
5818
191593
838311
330642
2007
813338
231723
795542
142
9218
4040
3249
289791
294493
813165
1626
97
3698
656051
913
192539
14836
10971
16831
3801
212111
20931
272706
227886
234616
3993
807542
3842
381293
411330
13610
3237
2134
4564
15850
758919
210045
4888
1668
2508
780900
13596
3368
318307
226519
6841
263740
211205
3114
502572
437263
301340
4282
412312
16323
308657
18489
794
12111
321112
415337
791023
15335
331269
738803
2628
3789
797417
4463
235128
388480
4179
298650
11948
350
787423
2736
17979
421962
308426
6373
380266
221578
333932
20270
20286
2777
738
395346
617512
12
469678
278406
922
1198
297319
210731
1020
248739
5774
501306
276562
300898
200375
9176
438268
7055
354760
5851
20458
7878
503732
21829
11183
2248
5260
308045
4995
194
423827
754
16085
1118
4280
4013
10351
734
333465
4923
674
377079
6473
469089
1504
420765
16914
249332
2824
307128
275486
1180
7348
447323
9138
332281
415950
319054
14882
1979
10144
240969
18910
455061
872
7791
641760
17635
2502
284679
330133
9192
21039
196648
14330
385766
364883
252911
328068
12626
262450
377557
9055
406921
349228
424937
476959
511278
7258
274736
273430
463303
309857
7464
226372
6946
272324
9587
260770
417524
281290
491351
373904
443198
409997
7811
292653
226690
10215
254376
1265
378856
8439
385955
3642
310252
307899
325
299082
409781
467706
16715
530162
362884
1350
13563
415248
1887
2558
375583
617632
6596
13861
1389
1401
361798
305234
224616
880
196957
5328
3702
20559
2727
5494
18723
379972
354795
247238
614517
11533
197007
281676
5431
269385
403619
11244
2441
18763
3206
398480
301611
18428
557899
9818
339302
4753
323771
479
8152
13089
7521
315256
12990
1855
540752
436781
7729
290
532744
193930
198674
253659
346240
294100
297422
14497
372622
277244
459722
431
410419
19832
446971
211124
235323
6804
263333
283
8109
234434
3621
290574
3558
260
4715
478228
310928
11599
7143
1407
3150
226915
14932
226794
7581
236391
3797
318589
1941
17106
373242
3526
223778
262604
4256
265506
193826
15633
269694
7872
243361
16214
12256
2210
218957
10548
800
409319
9318
245439
746
192300
5429
16871
312324
2826
964
8476
262134
189733
1397
4415
6158
16915
18407
7692
11770
10259
4383
2902
4167
335264
223079
283030
4031
246784
15576
196519
434362
3263
292310
238853
3819
11202
5483
295589
12388
471909
12738
680
1610
312
616
282278
2530
380730
14848
397815
410803
1606
278239
330807
17
193158
485983
3750
1841
449421
504023
7657
2266
2341
20913
191780
11448
342384
503530
262901
14982
10428
3635
251
81
16512
9270
377666
343324
1356
247143
2864
114
340986
14174
406157
434710
301676
210698
13327
477997
279060
1149
387246
3882
380838
454086
480361
439153
435832
283792
253127
352633
3511
225
437638
767
484533
443319
243719
20701
233219
231371
263453
247522
7516
235234
210746
307938
331238
318191
310143
308734
275743
15343
347258
348431
243291
249193
262847
333340
332808
272696
324198
270168
233147
1084
1442
308291
351406
732
264561
384856
7418
412576
232493
335071
252116
216178
399063
311213
2600
248303
251339
417021
400231
345466
416992
419617
240586
381707
19954
464140
320490
14937
477519
410769
4418
497633
411897
193315
453989
243877
335618
16218
488436
311845
248890
235669
270504
337321
309764
9135
10766
383
400699
493923
189181
262374
442766
253270
248954
324985
381947
372168
362405
3417
7251
294164
656
323144
2745
351785
388273
248172
14972
230147
279765
4155
284063
281753
2163
244902
443415
249556
397896
262475
15268
190968
228390
267915
324128
335741
15696
9410
366713
248344
252572
195451
14129
108
259483
3123
245261
4473
230172
239707
263481
288339
15035
281301
4534
291687
281070
295361
250008
306661
389
4909
308964
320531
308032
320097
320173
334413
332161
269518
349440
443766
320566
455920
437009
254195
190075
7481
13707
416094
236727
254209
360262
217834
15053
192075
338763
18570
331215
482152
410622
1595
1110
389309
406908
396659
2417
482098
364927
480024
308134
2904
10095
294684
480539
302556
742
273576
289350
10705
310114
429308
15835
306610
291202
317896
320371
422315
9816
368
317929
264472
331847
292822
329336
249396
306798
335954
335225
252934
316526
307080
297185
262671
221717
7529
17974
6243
240861
349030
213070
348881
319157
235163
11298
286229
190045
20130
264975
20923
334585
6111
285999
242021
366146
246448
3174
478563
337018
539
428605
381607
329631
291524
268546
268443
263851
212003
10229
335090
479937
9430
7686
3141
302380
304818
299537
262357
240239
296609
15867
238147
12949
338827
342199
342996
344843
344381
240369
316507
345100
347319
347453
10778
344866
243537
349722
8551
364120
269552
6406
374032
363560
382249
362170
372028
368278
369716
358173
374890
382529
283458
333979
372800
370997
374958
380690
364411
342819
314176
362105
337007
345683
452037
15983
284279
10343
273147
400632
236738
215932
307834
411898
