230238
1059579
85
1059487
3544
3789
191294
7237
942610
1049756
243361
1049931
282594
3112
1050336
3274
864405
5638
1049737
1044469
238171
20591
238814
15900
324010
1046487
20217
1023345
1045847
1236
1044158
1044933
298908
1556
7787
1041137
1593
7994
13642
57
1040745
10608
397895
1017391
456235
193730
1016421
4793
4494
12336
11948
16353
1657
4731
282184
12777
12507
1602
794899
1016534
495139
1019542
17751
503751
1015455
10694
822928
1016411
1015644
1015513
5882
1011935
1014388
5049
211511
9933
7236
1010356
592620
1007654
1004642
977233
6501
3335
12567
253764
1006215
980410
7732
996942
818425
995449
230797
3103
191774
6986
548558
224501
9278
310928
19796
545
326181
8131
446697
999
238403
391793
535199
11818
409644
430875
20384
17582
17555
982331
20005
236727
285257
2494
16081
11304
67
326789
10444
6373
320887
212072
16197
2236
1734
3558
938256
193158
4389
451746
12921
876106
415337
9198
13875
210863
768
197007
12027
1628
5850
738
436
4293
4894
7759
4275
884949
9039
12925
6797
19682
17108
379360
20259
1079
432913
941265
272794
6208
346998
714
4373
265506
6090
894783
269091
940255
15838
308536
4268
274364
412377
320215
292642
506169
293332
9579
475923
940129
5951
280220
270331
1186
2070
1890
842971
193
6815
341470
221578
4655
189237
3189
20402
880
306
874251
15899
1544
226519
2073
247765
284679
12111
210476
16078
409573
212233
242542
5406
271142
459278
8899
39
1098
604
807542
16405
429
10695
908586
476959
249380
239632
16040
4695
3804
509624
365576
10840
4823
6137
901650
377646
12565
898341
694693
276
277644
5015
2514
670639
756068
899923
701245
7811
323746
211697
15696
374894
2433
893213
15732
390829
5072
12738
5423
223079
336941
240921
2736
4473
9548
1214
2687
1321
3801
12573
19677
535179
3895
3636
3457
196842
50
4877
210045
3305
795542
359
10430
211884
192300
310124
473136
5062
235323
263333
445966
402621
6227
1432
4895
3300
803
5492
11448
883030
402806
395346
412843
11760
577
12144
675806
244349
307834
106
3449
1136
3842
897
419617
499783
249451
880094
2586
1581
1725
879853
1301
212342
5016
342680
4
2172
301340
3642
768581
284063
1689
453
258
864
2383
17571
5787
540093
443
231990
263373
351970
24077
2417
387262
2820
460847
270235
5106
859444
337489
10990
16863
623
326765
363197
17663
193861
2982
3237
323105
375245
802728
2242
68
838143
9856
4698
3078
4077
3557
308410
2777
518
226517
17087
256931
403619
320028
383508
744551
1460
773618
193826
15713
1338
436577
1575
16098
6741
4269
471228
621
2588
3249
296478
841831
7835
858311
375536
380950
13596
234616
2112
238
725
4991
3745
828
826073
270415
391049
17672
2081
9082
279105
9326
303267
5037
331067
12303
679
10081
309567
12923
14127
1180
16152
16914
7194
9218
336612
243792
243294
626699
734400
282672
7878
4294
296
809
6581
188665
235437
8889
243300
19832
578
17584
15549
5851
414955
4044
4528
199989
6023
12224
162
780900
142
302556
18503
2508
280
210698
297095
1504
3123
244817
249507
3972
330817
4036
279454
204
14932
6670
1574
1134
243719
2883
2139
13495
253127
3497
196387
189
1020
240586
344899
238315
1229
211577
211669
793979
417469
145
243139
1265
4127
3632
784003
246871
271878
366713
758919
7588
1237
11681
6788
20909
2788
11788
5620
17316
3368
1198
19809
4378
26
366587
6596
237973
5820
369
10250
4129
4606
422412
646
19777
20090
618148
1668
235128
348409
7048
235510
1067
9227
5964
20914
572141
206
58
234334
243906
11040
3823
9152
169
4564
4282
1401
13874
13418
73
451
2282
4413
7097
2842
3036
252911
9507
16567
1298
300064
412
4253
3881
1303
196149
236822
11510
539
7791
262572
1356
639
4256
2240
16340
1992
101
13819
214841
5328
8439
3882
771
10215
8152
12152
233147
338259
7715
8476
11112
311845
17886
4753
196957
11599
21695
913
108
10971
264159
441796
2266
5840
426
198811
1941
5179
238307
742
2201
263740
433499
21578
4482
15643
734
114
1587
4795
4904
18407
4013
5802
5025
4790
13121
680
411897
193930
9391
2377
262563
7074
6589
70
17295
333224
6968
2134
18
12783
10655
204173
4163
2420
2859
976
16831
10220
18559
189976
270504
260
546
248890
210558
16085
19
3978
9134
18152
216023
5494
11528
240383
1285
9176
706
3698
236715
3484
4138
214447
196380
2502
327112
373
279638
1606
9186
13648
34
213125
3177
318610
98
195659
88
4085
12388
3567
212078
7524
302117
3346
196388
52
733
4262
262762
83
212111
227886
238988
241925
264700
4998
14364
6245
242645
6473
160
19570
230413
54
2210
5046
69
701
240987
15850
6162
1317
9698
3778
4741
3831
189394
18586
1102
2904
1407
168
211135
13323
2007
8451
231064
25
5818
139
1355
194
754
20270
239
1082
647
4433
2802
7258
4905
922
834
3115
617
18272
1149
602
5448
2745
303
1189
4923
5953
13663
8379
4807
2255
18564
1626
302
473
9412
2898
3409
643
15983
213051
312
323
970
6841
12256
5604
4109
3667
5543
19037
4466
1185
8971
702
2512
20737
3180
6141
2728
10
457
188926
124
19648
16148
1979
195577
14236
378
28
7384
20618
800
1084
159
13434
3046
7143
2390
13174
53
9533
9288
7556
941
4134
3224
616
6833
17
18723
24
4612
4525
12031
7318
6546
6394
270
6196
16332
11188
1970
1011
6558
11245
557
5758
14949
283
2635
18295
689
675
12095
10502
586
4086
13713
1287
3860
1315
20
6143
20843
651
10259
347
3612
16145
4143
12370
66
2461
3602
375
548
234
3206
843
368
431
1656
1864
14976
60
3864
2653
6731
17793
12
8531
1048
4728
4286
8692
59
4995
6801
3017
4155
6806
8
129
2194
4407
516
5694
1349
1430
4242
3887
1325
4864
19716
80
5779
534
576
315
6715
13659
16884
3854
1767
2074
3621
3306
528
99
37
1886
5774
9280
9135
4179
472
358
9700
5650
4327
4167
48
2458
207
56
3
2
