1043408
1791
1504
218952
193445
326567
1044012
1356
938157
191
814967
336323
246557
888817
19640
3295
17592
993072
797997
1015164
429
360439
213310
875987
370263
543119
12219
369361
499575
4632
233242
882494
264700
296
13819
5451
80
56
48
18152
4155
4262
701
12573
17886
11517
340666
12923
19677
6143
4433
898
941
733
4293
21269
1019759
685132
342680
3409
8637
987581
1023482
978549
1017681
922
6208
11948
399883
942238
535389
212556
28
1016411
869999
3854
189781
3046
283144
20817
1423
267671
525136
375
4368
12
211572
516917
977233
20591
409857
438841
616562
247605
388423
302117
977947
7085
473
114
423827
244440
382827
364953
452862
206967
5818
859143
405132
476033
483713
216983
124
1303
282672
976803
2723
417524
977788
862784
332316
354630
510796
265409
489795
974219
369904
345765
192300
15850
10215
7715
702530
1886
209708
15211
503980
671554
230941
9186
396547
9548
13088
946853
942697
943441
2210
942555
403402
13030
473136
192325
535199
934594
320680
2073
904826
401018
877473
19583
7811
196300
4013
17582
499579
357897
880
908586
20286
143
435850
214598
533
13596
887246
13220
898337
14372
211612
3206
342127
18268
20384
451344
884830
449009
886870
203751
511666
191042
2982
17355
9698
675806
17
5448
9052
3558
70
237321
399807
3305
884630
307720
866151
884297
882765
4027
381440
862100
499880
883003
12574
842363
436728
428498
816137
876176
880144
879853
879602
5406
879371
878440
190218
270504
196380
15549
389808
406674
1161
263685
871839
442770
8850
730222
223079
12990
293332
368412
490475
495081
265048
410577
385387
862185
665530
11782
408746
308588
349775
449539
512380
426167
2
3
5254
347930
395315
273708
17360
13182
6023
214825
476047
808243
361304
238370
19783
350911
444067
199325
249647
292506
454819
317777
421585
4294
734400
492693
284408
320063
498400
375831
413025
226915
7472
433251
791687
236443
277952
632542
256931
380950
350698
378176
353819
217261
390579
853707
817428
242188
5395
585995
508261
343849
342085
445796
456735
8106
540093
336022
6546
306610
761
518129
4564
510831
213144
285998
415225
826337
710710
309567
211333
435085
382803
430312
11599
508548
4905
527771
379750
368989
481476
502438
492067
18723
419741
378275
383360
443870
210201
403517
356241
20118
14399
296241
839628
403020
318307
480498
417554
268438
421994
311933
272116
16098
404134
407705
597938
11552
460229
500244
396484
205077
15971
512534
3761
416401
190968
247542
478906
493002
200530
352276
218775
260299
451903
13874
3115
646093
21020
6596
7258
235170
499373
483365
435716
497116
308410
326040
9280
205891
235128
16969
326251
262938
474817
366713
767
271878
211246
446697
9326
781098
423036
270228
320215
243818
21114
473065
373258
343176
396160
228109
429188
11392
431629
396793
514366
283315
5831
333312
6730
196957
291686
1149
8446
14345
409573
2602
302478
394023
485585
437433
4914
270415
439718
23425
631749
377666
447817
218369
15724
394404
283056
6400
951
268993
544047
239933
470886
214569
227242
284679
7978
420554
197340
3103
656051
461302
459830
302913
309715
784003
345861
408777
248226
10144
14340
427349
11161
245579
391793
268266
500235
10946
12193
351897
259415
368056
409644
380660
658756
4877
3652
253746
389671
374498
356297
18407
382802
299519
20929
294394
265576
4479
694402
481970
12480
193928
565051
324916
327165
375536
758919
288204
411778
516028
834
20442
500861
2383
8151
562300
222464
2025
375699
462167
215589
474644
463303
397815
507309
646
368013
416580
466111
488178
422367
230791
7589
6791
323070
510364
1689
10626
4823
355110
330083
375028
443198
415368
421335
375177
7012
324915
8332
725
385248
418671
20589
389456
345923
12493
338259
381100
402978
2201
410781
574472
7791
5092
265298
437357
412192
417119
462548
426045
269321
501041
406171
1199
242191
324337
213559
414239
734
387731
663915
368382
4463
4286
11528
281676
414258
422233
336612
443910
613980
328883
217780
364883
467312
408979
502568
420540
477292
8052
244566
414708
369892
360601
264001
329070
308284
434908
601131
2600
499155
415333
398028
618148
273147
225
412843
256500
386723
311254
280
1725
315697
406157
15513
410943
321969
302756
465733
408681
3827
387202
417418
324395
348539
3237
414
9166
243560
369869
354775
248101
13640
488436
392597
377742
298378
511655
532744
440747
11124
278513
349228
340305
506801
421001
397392
234578
403507
248890
327374
355271
279665
436577
440220
344796
415305
191637
449198
238657
320996
189874
285462
320189
276562
528025
435160
20909
235739
318447
4528
14191
14369
511479
323144
417915
7960
375245
406863
328855
237778
329426
398480
354789
270138
275486
321795
490427
11989
301193
535021
527778
442418
445359
388808
497933
466688
13404
421924
315662
277409
512479
315721
191770
378039
258848
409781
414259
1626
365209
292836
223778
253268
202689
5952
253127
404871
408059
394930
419404
414955
838
380221
472079
311946
15357
243719
2480
498838
440352
7910
245124
8942
250874
307834
285171
266053
420657
256829
285604
301144
236171
7933
227062
295653
385955
503732
239099
234796
251
349541
478791
9565
447195
278406
14351
403688
411897
210628
310124
291661
348814
227957
372323
213545
424863
270969
14000
288605
21302
308220
7251
281429
12626
421231
1068
341838
461130
8594
410323
16453
240661
268333
299853
3895
415872
382808
321447
389267
393065
358767
267345
197687
345449
320393
275844
419564
236971
318162
437
298503
656
460608
387258
444929
384424
403090
415244
315256
405579
216296
464813
482953
435501
311511
475388
415557
437526
418012
316299
474528
259565
458931
453918
409176
431233
218142
332598
434376
274908
260223
368767
450308
8152
398688
348773
289295
343116
268571
409241
403619
264953
472922
406022
1941
319977
702
14036
235510
190075
3095
189907
9933
326306
429107
243907
5708
3017
441796
449264
196166
375053
14069
19067
410545
2795
189792
4483
247143
211693
212364
16522
432209
319464
435384
390685
460936
426967
452287
378189
407487
281290
281836
210774
319491
5998
18034
19712
4715
5494
22420
17073
254406
250704
416275
382736
411251
9608
363565
214768
432950
371670
263444
292502
355190
286753
393392
191432
231352
279670
242729
256946
243950
203666
213923
267204
380136
249927
255345
241000
192631
189220
198116
272662
356904
15380
269775
236581
13696
196028
245681
381068
9963
416144
397691
13474
273442
458586
213226
245511
274
12031
424148
403887
327318
250315
343855
396903
236562
9856
8471
16871
324985
222389
326433
6804
393943
5991
415642
236715
410622
346080
272522
8070
314159
408821
404661
260433
422416
306300
238655
410479
427206
5542
404424
212348
351598
420332
431195
363992
283150
369441
410222
421681
373319
398596
410270
406808
421929
199989
