281753
1049931
262123
1044469
244869
10765
1045847
1044158
360439
1044763
978709
332225
17868
315647
244932
479
650888
4894
1042501
240921
215506
9451
1023482
1493
1027054
13525
264054
347292
1019601
839664
213115
10178
4494
6278
706
215086
1575
3987
280220
3973
1020654
226538
1017391
17751
495139
1019542
1017810
1017443
327398
1016411
1016534
1016421
417524
492308
13528
265506
323011
4199
1015644
998587
1015455
1014450
5882
894783
253764
5443
211738
316688
413408
15696
1006215
3484
222389
4368
11789
8059
231081
279454
1303
6514
989005
242542
7732
18723
2239
238814
989155
9327
7992
996942
479137
2842
289
991976
995449
864405
308536
350911
16202
3687
326181
637270
238403
499783
982644
1725
980410
193730
12163
11304
977233
223
4431
320887
4077
843441
20258
5698
967959
194339
376806
4895
3265
234616
922
1504
967511
820439
941280
16355
987
545
5787
437
292642
4357
960928
10840
277644
954552
243719
9412
310541
374181
349241
870992
898577
946866
948726
281939
245266
240141
237699
17859
17858
17466
6697
16705
17456
2812
946775
7236
899289
864301
506540
278529
19863
239092
901053
944881
215666
221578
21093
940129
233589
140
2073
211884
471228
194479
908586
392341
4793
341794
4151
506245
17506
501639
193826
3253
316987
384559
12565
899923
211264
13819
4695
239632
536
235437
6023
1115
2563
214841
229608
2201
293332
882765
270504
2112
2635
12783
320028
212233
880094
249451
861784
297095
6886
477126
3304
10174
389808
17571
489795
15549
98
13610
5851
876106
20591
354
11448
2820
859444
302556
862185
212111
489957
482
382802
868055
17892
323105
14976
13434
10215
6043
4918
198811
14520
240799
862100
5903
196198
7963
863481
565048
190200
4269
3551
11143
534372
307224
14937
841831
4013
262572
243792
8026
840567
270415
1793
3346
279105
858311
193851
854583
710710
9749
12303
7479
194031
402621
212364
6208
471309
734400
4282
188665
3249
3
4129
245547
235303
675806
780900
4127
11818
295862
216983
4473
4528
193799
317138
6337
192702
1841
244817
820454
19129
1430
817269
2228
16844
815246
9280
283056
4686
394357
326251
13029
229623
5451
215519
236727
285999
262524
303267
322525
338827
344866
335225
374302
371486
369892
379520
12256
3222
12738
12991
15761
17005
209586
21269
387472
18559
6589
10220
398978
212342
238315
289434
252230
252180
438144
364411
18866
784003
155
631451
3163
4871
23881
773499
768581
758919
342680
139
467256
627785
729221
4293
21166
5423
240586
16085
7659
3368
3583
991
17974
250008
350970
212722
8749
313009
646327
542753
10626
572141
310928
4879
1520
481434
11686
8447
522554
11788
6473
535179
932
5806
15685
10971
222896
377610
16340
325579
356175
234684
8152
397668
5183
333
521
18408
13933
18152
7535
8939
219280
350170
11517
411897
415248
235128
375797
332834
415593
11599
6833
296304
3166
15799
450675
442268
4479
18150
3621
278655
34
9052
8949
913
70
278239
5034
189052
20923
391049
4433
7325
16405
10502
3397
11392
26
320613
16467
233147
5323
377813
6048
8861
306610
374699
12847
190124
17316
2076
211733
8685
18655
3116
4285
4275
4979
369466
244902
318610
365514
311537
211832
3391
1715
21887
12466
16831
2483
4449
9780
251
340666
330642
336319
213125
3506
902
238665
236738
309857
238988
302117
4909
308674
244349
11965
7258
16183
287399
10655
9669
280657
285257
5179
1727
211675
235510
270235
264700
3804
264487
231306
211301
9265
188892
245261
244761
245290
189394
3004
4959
5767
18503
242127
241873
3673
240450
240987
239081
20507
331
194521
4482
231788
11746
234817
13121
19677
1472
9698
5732
7261
476
1407
231990
17900
230155
2600
20977
2107
211272
231047
16925
229603
230413
230147
3831
18407
10315
5758
194358
9391
228280
3864
20219
222464
3010
227747
838
12580
17223
15983
227483
3498
4753
623
8555
4167
19766
224348
4294
226352
20270
6884
7300
3635
7811
217793
7657
19835
5840
16098
9134
189781
219448
4996
213520
18272
7257
11155
4253
211800
211669
12470
3881
210964
2687
10420
4483
1544
3854
11510
16522
19716
4802
13901
6162
21408
1593
2194
9456
197070
2441
4667
193759
882
9082
193801
6245
195455
193861
7143
2924
192336
17793
23563
187713
189940
189435
9470
274
6394
190861
192292
192007
598
20931
189767
1380
191497
191495
1766
12690
10143
307
20913
17675
189567
5781
12335
10259
134054
20725
18910
20910
20843
20808
20699
20665
20611
2736
7237
17967
20516
9968
2433
1317
20213
327
16145
12152
10839
20076
16148
5448
12144
11188
1114
661
4143
3771
2007
2983
18354
8379
19627
19815
4085
16576
19661
19570
19595
19561
19626
19629
18989
19538
4200
2689
18295
19473
2268
11848
14949
17940
1093
18269
4525
8113
7133
18254
18240
18204
12923
3164
18166
14135
17647
17886
680
3352
6141
3887
4155
16040
6061
17726
17732
389
3593
4801
17630
17468
164
17350
17324
16991
17252
17229
17247
17203
3007
11720
4168
16795
12031
13495
5694
16672
11849
16418
16408
15580
11760
8903
3206
11835
13663
16283
16241
16234
1015
16228
16214
16198
16087
3877
15950
2653
14998
643
15597
7409
15487
2558
15222
15185
14884
14496
14471
14160
12938
9691
12912
14132
9084
4908
13176
14013
10104
1129
4923
11402
10783
13596
13859
2070
13846
5545
13796
13893
13860
13607
13675
13575
10574
13617
13166
1356
11630
12508
12573
12567
10841
5599
10703
12370
11528
11205
11209
10852
11213
11232
10807
5253
10570
10677
10546
8145
10419
9193
6143
73
8220
9684
5283
5604
9205
9166
9135
8988
8951
8268
8432
8587
8572
5701
8329
8451
8202
8413
8101
8071
8079
8046
7951
8027
5172
7960
7363
8004
7909
5925
7933
7857
6131
4090
7701
7706
7715
7596
7637
7627
5832
5543
5016
5612
7559
7556
7438
7097
7474
6591
7048
7288
7362
7061
7038
7074
7318
5831
6910
6801
6868
6841
6784
6669
6711
6652
6596
5126
6631
6651
6349
6545
6344
6500
6351
6187
6137
6196
6347
6437
4179
5991
5897
5492
5006
5964
5774
5951
5818
5737
5947
5708
5620
5317
5687
5243
5181
5309
5494
5650
5062
4905
4904
5085
4836
5009
4893
4853
4466
4823
4807
4731
4665
4612
4583
4606
4564
4378
4256
4417
4434
4475
4420
4395
4407
4423
4409
4373
4327
4286
4214
4027
4262
4190
3995
4182
4152
3992
4134
4140
3958
3872
3895
3863
3860
