19960
20603
14206
506655
3253
3551
4140
371256
198340
1504
1045817
3239
9218
307654
225851
326567
1046997
223
12027
324985
6638
344568
1049931
98
1050336
12211
42
286251
344852
308778
308286
691193
1044718
1049135
191592
15900
748
1047101
904054
1046487
11213
410084
8343
300898
4910
1771
17555
1006343
302544
3288
4728
993072
246848
222669
3958
708707
1044993
1044990
309972
12120
292649
320015
369473
1044158
360439
1044469
502852
536281
8201
304363
352646
493413
11590
284090
10545
10299
5025
1041219
1042501
9222
938091
878813
4582
2795
253122
343396
470223
1017825
4170
6581
515449
313461
2301
379
17195
12226
10981
11948
18091
9459
1015455
1016534
1016421
1015644
1016411
20923
1008582
21093
1019542
211333
209951
1004610
936634
510796
12565
1009190
318589
3468
5443
263740
1015513
876106
5882
954147
675829
792780
939270
292424
895
20286
989005
190108
3609
6293
5406
977233
13940
423827
239748
207810
18364
253385
813165
5328
210975
17256
5177
2868
8131
47
11279
249451
865
296530
17564
313343
192291
901053
341
3761
455628
3103
16648
8109
430312
16707
3602
5521
252858
384415
320887
215710
248111
972061
535238
319431
780900
572127
142
967649
20353
191294
30
328771
12931
542351
440029
13642
954964
475488
1228
311925
4894
410577
9702
248101
405941
408944
247765
267104
224373
265298
518129
650888
346205
938267
535208
277952
283542
308536
238319
7049
535199
320215
342703
13267
13437
414695
16915
256931
12778
277644
516917
204173
190591
192325
21039
16078
2038
10178
8517
206
479
1628
511531
807542
899289
12418
294226
221578
509624
193445
371188
15534
9278
898341
20258
212401
886265
883079
894448
3362
14217
244292
656051
231173
886870
293332
436577
18661
252091
895358
14035
192300
11392
243300
354
239944
890029
12493
210698
7963
5843
10548
270168
13894
18723
268438
235303
248739
229150
432186
211845
227886
212233
2600
300939
14356
4340
270415
270798
6400
325807
236727
308588
655458
3449
809
13418
20780
869180
848510
6693
1136
33
9698
193315
158
880094
466111
12571
403020
2339
357897
1255
859144
17635
5061
1468
567914
211638
12990
235192
489795
3646
13194
243556
9051
329898
4540
9019
872428
240586
8801
4447
17105
12692
311845
471228
7317
16284
273430
235437
231662
771345
16307
17905
870639
8942
862185
319492
6797
210629
531969
868217
373904
20607
34
11037
4143
13801
196166
320028
13563
222809
5016
5470
20651
9528
205891
9198
422225
865869
9326
19129
862100
15799
406019
4413
10971
335582
803367
391793
6131
403619
298101
195117
461544
492767
380950
780569
457339
11707
8448
530802
2172
446697
382249
8268
549521
13514
670639
847065
5457
20301
10250
858352
4914
279105
16214
231306
858311
296
788263
375245
11539
441956
231317
14127
6208
414526
389808
10051
15255
13789
209586
10215
850492
245106
826073
1338
305843
410690
196456
418384
332241
21431
660
4970
15851
10622
8481
833785
20887
16871
2233
224501
6437
211159
13103
13823
437433
9176
654418
9548
15566
744551
235128
331067
11977
477
476033
4415
288975
13283
18509
10939
19680
244817
284063
248762
102
9076
313809
263030
27
298087
302533
5767
10007
13426
3038
5354
253127
12256
15071
7212
376249
5395
533603
3107
19146
682696
20067
781098
4930
243818
3304
254128
9111
13590
2902
9923
210432
320822
614042
205525
283792
115
191135
189394
788096
414955
322492
477861
234075
635780
3525
206848
226519
397392
5125
525829
217313
2144
198674
15576
309072
307622
1385
211577
2684
2085
266767
10454
11163
4129
870
13027
18570
394357
189417
645771
1016
586668
342737
557455
14104
552171
4684
241873
12299
18353
9926
14922
13843
13970
4697
575
6081
13006
10380
494
13002
3540
6178
6881
15543
3388
376227
10196
11567
2881
10936
3343
16767
578
294447
2268
21203
396122
7808
8966
4294
196526
189636
13893
12938
13023
501635
403090
310124
409
527313
191774
420540
262938
1431
398978
211669
6364
12507
6196
11202
3632
388480
793979
795403
14396
16285
395346
10187
857
8462
2531
11122
2353
20432
233242
7910
3222
235215
4634
1068
4261
1955
784003
599368
385469
1198
12004
17062
20373
211837
11548
8730
210550
1725
8977
510364
6741
7464
296373
527487
768581
197007
4482
211227
4013
323011
244915
253268
5584
594726
236581
972
658756
11681
758919
196378
366713
725085
248216
18517
367850
233147
17892
231371
540093
481434
436781
238315
269091
13116
422559
746
14870
799
709099
1733
330764
18203
272213
216983
212072
414383
213575
304106
502572
899
4879
719740
330807
188892
196300
3346
194514
1684
5092
307736
188926
417119
4473
3698
7787
411897
17316
435716
330642
359102
6968
247522
285998
193928
9280
361618
68
193826
499783
7791
403507
11866
13192
343
203751
208481
14241
5260
263333
284679
4196
8476
10610
16303
348643
13594
281836
321969
12351
193158
241620
14176
1551
337018
431203
259483
302556
14191
646212
22337
249332
541292
349228
3860
10597
12847
385387
2025
248389
14567
296687
6554
333465
18079
221216
196957
243719
383
446971
5095
369869
7596
6669
572141
196199
1301
539003
196882
477997
292783
2116
9178
5173
7952
2107
216290
452884
5183
8145
377557
378813
212417
2094
8230
11873
5694
18529
414535
396644
248032
247143
3498
384546
323100
4661
368829
14848
312633
237973
7581
329825
232017
2228
6536
6786
402978
13094
3520
15685
3526
369892
238853
211697
19858
415070
196648
328068
6015
3406
9186
410419
1488
4479
235510
2170
375699
292117
329657
17027
381321
279091
349262
241097
312050
272093
244440
310928
11510
264159
9227
4753
5623
3150
20090
902
403119
402803
1436
7012
106
18407
1520
239622
8637
2526
9507
2566
17796
732
16884
2236
356175
965
13933
18931
13150
18428
226690
5066
12502
256829
4240
20159
24
301676
240401
4375
191042
13089
236715
9318
2779
20701
412416
4275
210871
309
3519
16
17318
7732
8080
15211
18586
12871
4513
9050
191780
429188
1072
3368
20633
4181
306341
13279
240247
427775
400029
251143
4901
406157
1734
348814
321055
350911
9039
212259
17582
298650
3635
2391
236454
6730
10044
234616
3264
10677
283418
3558
248890
406022
222464
12738
23186
20929
3696
271142
189733
15696
5197
308045
5254
2242
203666
8152
6097
282672
10956
48
11517
4253
295862
381283
5462
9052
299
8379
6833
12031
16831
742
4525
2073
16040
19685
12783
7835
941
11124
290116
6143
420664
211242
293719
193699
238069
212859
23357
300880
8035
249453
651
9474
3308
189
4289
2201
4991
17054
10765
