9048
2807
13874
761
3368
296588
12690
1568
242434
1059579
540093
430312
5260
191780
12493
18506
484396
1009190
198522
675829
238564
326567
1970
17571
833
189733
265504
7074
12777
210698
68
1050336
17316
386134
211511
432880
9677
3647
7873
938157
768581
2494
226538
6591
233920
4357
230238
193445
882987
191592
1047011
864314
1016411
229135
350318
362446
705379
6807
1056
6606
348567
9644
232038
6162
9695
9635
324010
9702
14035
289702
211241
292832
193844
214727
1247
18221
3175
196388
13514
7761
9178
18413
3506
3895
231754
1013022
12039
4011
1045258
191467
196759
11510
12144
389628
20390
8561
9650
520
4753
240457
485524
232017
860954
315647
20286
8373
231775
193785
470023
849
21520
217248
1008582
3580
193796
1702
354757
194519
327695
845065
3944
11304
969184
15211
383694
375340
193853
10044
1680
8749
233147
10765
993072
1045847
6546
17592
8086
1044158
360439
3863
8531
14206
2201
15983
419852
10655
217234
13704
15255
248431
315267
196020
1023482
16098
732
4494
8322
356900
12923
954583
308536
188352
970338
6208
248715
285257
1020693
3391
1593
479
369751
415593
1019542
1019170
14241
3854
436577
1017850
468099
1017810
4923
495139
864257
4407
253764
2982
1015455
1364
231289
22438
20270
177
7535
1725
2558
20066
426
1642
194479
1000000
977233
9135
15655
248300
212990
8131
198
239
563958
355802
256931
401491
15479
142
1575
967959
3559
7715
10215
999
1734
3823
376806
4109
3017
198811
7236
277644
4461
733
1657
296687
13043
894783
7596
17866
2480
4163
2025
854973
18138
516917
2148
521248
436491
7811
12604
1033
1355
976
365576
565048
5395
294462
198674
899923
19844
896
15732
297953
3078
651
262800
18268
893
193
7963
1024
270504
15549
12949
3698
506465
1298
1338
465128
725
1587
883295
313009
359
3612
9698
342680
18407
869180
10124
7732
1656
475923
628892
191135
12152
3180
373
320028
4339
3206
867821
242188
98
966
66
124
482
1287
675806
363773
533
867796
296
15576
192191
9166
669936
217467
10259
21
7806
374339
3804
861203
375699
20817
19960
227476
15724
1020
9019
20691
21093
5694
238959
262123
229623
1285
195483
12255
489795
16999
4893
845884
307080
574472
2007
762
218793
245547
578
17758
3305
336708
3801
387262
216983
10971
2112
97
506655
3731
50
299830
19489
2859
16236
129
374312
7479
4473
2329
15838
53
7620
3346
189
264760
211252
431
4528
264700
9280
4085
318919
9856
3237
786427
441529
645771
330802
310124
6596
7952
6968
310928
212342
249451
7808
168
3253
318610
5831
18665
2735
490435
771
235128
11681
758919
11599
343396
734
20368
932
238988
4479
188892
7791
8439
742
335954
557
9391
20258
639226
2383
2163
7316
4423
240502
572141
518
9152
485865
2215
4879
14135
11948
7143
575
3635
18152
30
232704
378
101
414938
5774
11161
196351
411897
8152
262938
244349
59
2391
953
2904
56
437
16085
236812
883
19146
475654
245111
324128
472630
344381
3696
368422
447341
212364
264159
4240
307991
297512
388903
8685
409319
11746
444766
4378
1380
418777
189781
423623
3115
262357
368278
3593
323251
327
20909
301193
20929
278239
11528
189394
5620
248172
373025
307829
349105
15800
315
242582
7034
4282
195091
243719
287249
523
8035
576
13219
13596
916
6558
706
243824
18517
364927
9653
294226
646
372220
2802
20361
240620
728
378906
363
245035
378076
20591
196950
222896
20844
2635
5179
2194
333312
473
1048
767
2902
11392
11448
19129
7657
337414
2417
16405
369361
239372
4823
299
1886
10822
1689
4433
9265
10101
346240
303
346094
16522
6048
218
1110
20918
309857
3397
941
2433
271764
11124
17295
369466
191294
249349
3493
249354
3908
355205
281939
371039
243300
2745
18661
244819
3686
5625
255563
12
240910
9082
1001
280
4179
313687
1325
192291
358
617
248611
526
300898
11512
317896
196800
196199
3449
13418
281129
21187
616
710
338827
108
8971
4449
281290
249958
342665
352275
262426
349325
155
313085
3007
12142
15037
20945
344363
6023
228715
340666
335956
16991
235510
2072
8379
253270
6833
295395
4286
318105
302117
5114
227062
4564
6131
4327
680
7048
12738
17
17456
71
17858
17859
240516
18150
8763
233176
252500
347
69
1598
262525
242052
19570
4373
1626
191
213144
20917
244917
1214
145
119
4873
212722
241873
139
38
4275
2502
190075
239081
216290
451
40
1487
5448
12031
2268
9052
3621
194
194521
13737
1460
20913
604
369
4256
2824
7261
42
169
6143
7318
6061
24
18919
1401
3380
6841
192279
4995
9412
3747
72
191339
189338
674
211272
211188
206
621
302
34
3492
39
10420
12977
196831
4525
922
190436
834
6473
679
8046
9218
516
188926
20928
20
20931
6394
20843
17727
224
4519
11112
17265
8102
2736
7556
3095
2689
1134
20919
20910
2301
17910
17944
10976
738
9307
11188
631
12621
6806
3887
138
913
5650
106
216
4313
4262
4143
4086
58
4036
3973
1430
1102
3860
3417
3692
3577
701
43
37
1
3583
1237
506
1151
3429
3294
3309
3049
2222
2
88
2719
2720
534
23
2332
25
207
2107
1786
148
1766
2039
1700
62
288
51
230
2074
1864
99
8
368
3
