3789
946
3338
1049120
390801
469678
288
706
937969
743531
280506
993072
7811
18341
1043445
4327
651
281260
828888
243294
382802
2982
443
9391
3944
193796
13514
7952
14036
74
16148
1017348
2210
4632
5698
11990
12990
375245
813165
192300
303
10822
11500
982794
238425
7085
5623
7588
248431
7212
5774
196199
13875
6622
5467
9082
4823
4494
279454
9412
20286
977233
4140
251
587819
4407
577
415872
1019689
1019769
289702
3435
5644
466111
9581
239494
231754
191780
12
16085
2025
247449
851
1000027
480509
16340
838
1013034
1007654
369
1011935
8706
252318
16915
473
277644
320730
231289
7236
248704
8749
18413
11304
780900
9933
14035
375
13850
1680
878955
695754
9178
193
101
1356
8109
196957
734
321014
193623
6841
922
59
875199
194
3711
423827
20264
238403
15676
216
11517
10081
408268
53
142
189
306
387207
196196
196882
8433
238466
1134
894783
12144
886870
16098
243719
862185
12048
323074
2802
807542
3966
240586
13367
436577
235510
4334
17672
18908
4163
4695
409319
4013
883713
3887
10259
790
883073
874542
351970
1407
218957
189394
15549
193137
234658
1610
1001
98
223079
17571
4461
2134
20198
196215
262450
270504
247143
193159
870890
2266
263333
15633
3612
13610
19661
276
143
6730
913
4262
431880
6023
323746
864257
212722
8685
8446
3206
725
2842
263740
3734
7657
331067
236581
4996
26
527313
490980
403619
646348
395346
210698
11032
212364
333312
5494
8481
20013
7761
9650
221578
66
283144
812150
262791
225736
211068
1786
244917
5062
16705
211205
8095
2902
195916
211241
217248
2739
617632
806107
7501
1020
20
416672
237973
436781
9135
4482
617
8447
232017
15211
214447
2023
19530
155
17256
284063
1093
767
4375
1893
733
445966
431
211756
196388
9186
260
2824
197061
8942
2526
204
20265
333
5460
211159
528
58
1656
4803
164
5431
2736
2201
196149
14539
309857
254376
189733
193785
12219
60
3635
457
368835
4143
206967
1072
318094
21773
1626
2689
12342
1689
3621
239
1970
616
4905
4865
8152
8641
300898
3854
4715
7732
2480
656
233147
742
455900
229042
20745
2228
20458
342737
4199
45
243300
5179
10101
271129
15983
3895
1301
2441
17
2
249021
7418
20228
230941
8680
6394
17073
349127
269694
129
1285
302
249173
388669
217234
311363
285007
235568
13505
388623
7479
9280
1894
1237
2745
212111
9528
13418
8476
7061
803
20214
347
7143
191475
318911
37
48
1841
15643
2007
4167
3642
1097
1287
18655
2417
1471
834
11510
253127
226538
5486
14176
472
248300
11129
17114
8568
17858
369361
323251
576
3417
9265
8
1317
280
18085
539
206
10502
108
238042
368
80
3
207
1766
680
160
13121
25
43
3860
264700
3174
2433
2099
1460
24
244349
12142
274736
5650
99
