310531
1059579
4167
266490
16286
5698
540093
1504
484396
4327
326567
1050336
1460
4926
1356
503980
181
6500
1044469
319431
1049737
1049756
12152
12777
380950
7732
1046487
872428
971492
226210
1044933
360439
1044158
10840
17555
4895
1041137
401901
74
3078
13642
212364
189781
882853
282184
1114
13121
1016534
864405
1015644
5478
1015513
272794
1015455
3391
231289
1007654
6801
114
4031
4951
1006215
191010
242542
194479
13659
247765
197007
11643
6293
196842
13077
8131
193
326181
982794
198340
12938
716
977233
15983
145
4389
965703
10889
4655
3468
12507
384559
987
2904
456235
262800
3
894783
21093
123
192325
237973
294226
320887
5406
6591
1655
468
2283
16191
3585
4995
276
13434
19835
12923
363
4086
20384
899923
7811
75
5953
7963
243906
238
271878
10143
212233
4339
12388
569
12111
11788
7835
5925
24178
211837
8082
322391
3636
3189
2494
5492
476959
11770
1432
1715
4978
3413
506169
871
2364
410803
193912
211644
191775
188259
5951
17905
4482
885436
886150
876429
748
229623
1237
1338
1229
771
15549
296
2070
342680
402621
1793
302556
1841
862185
867796
285397
862600
283
20258
4876
11448
11760
4698
1575
1642
391049
2
6473
858311
3346
2172
23881
2883
6043
12065
12303
1067
1380
4612
262123
6830
3621
807542
243139
244440
21
11599
214841
244817
13495
742
106
3304
4879
158
142
337489
188892
415337
11188
882
7878
216983
3698
535179
97
285257
395346
5309
3305
5072
768581
270504
5694
4473
831902
675806
193799
20603
4378
17316
25
20712
211159
617512
2586
414955
784003
13029
191371
355802
5620
9280
388393
734400
12256
310124
10220
243719
9309
13596
1043
310928
211577
168
611
4127
1129
658756
11681
378735
773499
14241
212342
369892
758919
18272
834
467256
932
453
18152
9
10971
4256
313009
1180
7657
628150
229608
6596
236727
8706
587509
646
213552
4790
572141
10259
5183
485865
9152
235128
9480
3237
15724
18586
847
17571
1626
2600
1725
4282
4253
4665
263740
2802
348420
8152
15732
9507
656
9412
1485
17592
513860
1236
69
376636
964
378863
4375
211710
19129
500245
6833
11517
2242
2223
452369
264159
2073
278239
4994
415593
412421
13704
6394
10695
387329
240142
2268
13713
240987
58
2116
278655
6023
30
216023
6048
725
6589
23039
369466
4979
16351
12847
734
2502
1898
371039
5179
2240
1471
2297
318610
7556
8346
16098
108
12466
12031
340666
2107
4880
1580
244529
2606
5851
235492
3306
851
20270
285999
262524
188665
16183
311
244349
187961
2112
1407
139
17456
12573
270235
241316
242343
4461
20
12000
253203
215164
2745
7524
125
19570
242645
18503
241093
119
235510
57
4873
241873
2194
240450
15850
701
24
237699
233135
235521
2007
231788
5448
7143
233147
1317
42
211216
16085
11818
4085
227886
5253
68
227222
6143
227483
3174
4423
516
3635
59
8379
7097
216563
6546
3881
15
7074
8815
10209
60
9698
4409
2417
7257
3224
211800
56
48
211669
1970
28
192539
211105
211272
16066
195917
870
6245
4525
14056
16081
9052
34
198811
133
194
534
243
8
169
4989
12690
191475
976
3312
19716
191
4163
1349
4262
616
5774
3593
6806
11724
3864
4823
7479
5283
239
101
1864
280
66
5781
4407
9135
124
129
473
347
207
617
1287
528
5818
6804
19826
19838
456
1134
7288
12370
19815
4807
5964
733
1795
19627
18989
2134
426
576
11848
6545
3801
17675
3887
651
4466
341
4200
3860
17295
5745
2074
7237
17324
4996
443
7596
4893
7236
373
6351
16353
10570
7282
4634
5062
16418
3872
16148
1689
8831
8004
2893
680
43
10657
941
14498
13684
412
4433
12567
3206
4179
1996
1447
73
2558
1285
1430
2634
12144
39
7318
1048
1886
6731
72
324
368
5317
474
1214
325
2312
1
17
6664
4836
37
378
6581
5097
2588
451
581
99
12
602
557
2458
1600
4286
2536
132
577
6501
302
6639
448
350
312
143
457
3854
2280
6137
224
1866
417
144
626
359
4373
1325
1271
2455
1918
762
5016
53
4606
5650
