1049146
344203
17714
1051675
424529
993072
17316
191592
5774
233147
1044661
899180
5820
946
858311
244349
321969
875741
198340
811696
4606
5179
7325
6351
15838
956897
979267
10902
1886
874542
2383
4027
268977
862185
20919
211205
320028
50
13418
20931
285462
14236
4407
680
8481
206
1317
421722
1725
294493
9410
501095
485415
324
416491
834291
511883
264700
463466
478906
401724
189
821566
10351
398978
6596
8083
285086
318610
15881
3751
410781
16098
398355
239533
6546
190436
2211
189896
4564
142
245468
191042
426045
314532
897
214570
278653
239748
17571
5254
13563
771
411330
762
4327
34
3872
15850
2210
951
11866
389456
528
1581
602
3642
253127
375177
11882
197591
373904
4167
4632
20633
10144
8890
364953
9192
197007
270504
7123
415872
2802
196957
189874
284063
18661
2566
267218
5181
6622
431
169
647
211710
932
213263
3993
3002
7143
3206
5511
21829
234616
541292
1303
270138
26
16715
81
3854
6591
375028
330642
734
452884
646
8447
4528
14135
4282
16567
16041
9933
361798
20
834
383
603
16884
533
315256
310928
1689
249332
2433
534
7637
11552
9176
1171
1606
5283
373
196149
4130
4909
354795
4905
21431
476882
10215
2686
8439
189733
5303
2417
1189
10971
14364
4525
15732
58
429188
4378
9587
193796
360439
12142
366713
332309
388965
286046
493002
241316
13659
410492
461130
30
548
475007
13803
2689
733
430781
19257
391324
441976
576
617
396494
426496
369
16085
3435
552
577
15983
383536
19767
1377
4373
5708
62
5650
5243
5145
5125
1837
52
1655
1727
3335
1432
1104
37
1529
1771
2838
2684
1811
1102
2052
2393
144
1325
681
1844
193
1527
1531
1530
1424
1356
75
880
368
25
17
12
239
238
312
224
134
474
473
359
129
101
311
99
207
86
586
145
124
457
302
347
419
83
325
73
60
56
51
165
54
274
557
426
358
108
143
194
280
43
283
568
2
3
251
127
539
378
